1
1
1
1
1
2
2
2
3
4
4
6
7
8
9
11
12
13
14
16
19
20
22
24
26
28
30
32
34
36
40
42
44
47
50
53
55
58
61
64
69
72
75
78
82
86
89
93
97
101
104
110
114
118
122
126
131
135
140
145
149
155
160
165
170
175
181
186
191
197
202
209
215
221
227
232
239
245
251
257
263
271
277
284
291
297
304
311
318
325
332
341
348
355
363
370
378
386
394
402
409
419
427
435
443
451
460
468
477
486
494
504
513
522
531
540
550
559
568
578
587
598
608
618
628
637
648
658
668
678
688
700
710
721
732
742
753
764
775
786
797
810
821
832
844
855
867
879
891
903
914
928
940
952
964
976
989
1001
1014
1027
1039
1053
1066
1079
1092
1105
1119
1132
1145
1159
1172
1187
1201
1215
1229
1242
1257
1271
1285
1299
1313
1329
1343
1358
1373
1387
1402
1417
1432
1447
1464
1479
1494
1509
1525
1541
1556
1572
1588
1604
1621
1637
1653
1669
1685
1702
1718
1734
1751
1768
1786
1802
1819
1836
1853
1871
1888
1905
1922
1940
1959
1976
1994
2012
2030
2048
2066
2084
2102
2120
2140
2158
2176
2195
2214
2233
2251
2270
2289
2308
2329
2348
2367
2386
2406
2426
2445
2465
2485
2505
2526
2546
2566
2586
2606
2627
2647
2667
2688
2709
2731
2751
2772
2793
2814
2836
2857
2878
2899
2921
2944
2965
2987
3009
3031
3053
3075
3097
3119
3141
3165
3187
3209
3232
3255
3278
3300
3323
3346
3369
3394
3417
3440
3463
3487
3511
3534
3558
3582
3606
