398
396
396
396
396
395
395
394
393
392
392
389
388
387
386
384
383
381
379
377
374
372
370
368
366
363
361
358
355
352
348
345
342
339
336
332
329
325
321
317
312
308
304
300
296
291
287
282
277
272
268
261
256
251
246
240
235
229
223
217
212
204
198
192
186
179
173
166
159
152
146
137
130
123
116
108
101
93
85
77
70
60
52
44
36
27
19
10
1
-7
-15
-26
-35
-44
-53
-63
-72
-82
-92
-102
-111
-123
-133
-143
-153
-164
-174
-185
-196
-207
-217
-230
-241
-252
-263
-275
-286
-298
-310
-322
-333
-347
-359
-371
-383
-396
-408
-421
-434
-447
-459
-474
-487
-500
-513
-527
-540
-554
-568
-582
-595
-611
-625
-639
-653
-668
-682
-697
-712
-727
-741
-758
-773
-788
-803
-819
-834
-850
-866
-882
-897
-915
-931
-947
-963
-980
-996
-1013
-1030
-1047
-1063
-1082
-1099
-1116
-1133
-1151
-1168
-1186
-1204
-1222
-1239
-1259
-1277
-1295
-1313
-1332
-1350
-1369
-1388
-1407
-1426
-1446
-1465
-1484
-1503
-1523
-1542
-1562
-1582
-1602
-1623
-1643
-1663
-1683
-1703
-1724
-1744
-1765
-1786
-1807
-1829
-1850
-1871
-1892
-1913
-1935
-1956
-1978
-2000
-2022
-2045
-2067
-2089
-2111
-2133
-2156
-2178
-2201
-2224
-2247
-2271
-2294
-2317
-2340
-2363
-2387
-2410
-2434
-2458
-2482
-2507
-2531
-2555
-2579
-2603
-2628
-2652
-2677
-2702
-2727
-2753
-2778
-2803
-2828
-2853
-2879
-2904
-2930
-2956
-2982
-3009
-3035
-3061
-3087
-3113
-3140
-3166
-3193
-3220
-3247
-3275
-3302
-3329
-3356
-3383
-3411
-3438
-3466
-3494
-3522
-3551
-3579
-3607
-3635
-3663
-3692
-3720
-3749
-3778
-3807
-3837
-3866
-3895
-3924
-3953
-3983
-4012
-4042
-4072
-4102
